1 0.0
2 0.0
3 0.0
4 0.0
5 0.0
6 65.056
7 67.2
8 1813.76
9 66.576
10 170.912
11 1722.24
12 62.624
13 63.232
14 67.84
15 64.752
16 68.704
17 167.776
18 1879.776
19 1863.68
20 1730.56
21 69.312
22 1855.36
23 1906.128
24 170.912
25 1879.776
26 70.4
27 1879.776
28 1697.28
29 177.968
30 171.696
31 1872.0
32 165.424
33 175.616
34 1730.56
35 1755.52
36 58.064
37 155.232
38 161.504
39 1655.68
40 66.88
41 129.36
42 1730.448
43 64.448
44 61.104
45 1704.096
46 55.024
47 1697.28
48 1555.84
49 62.624
50 63.68
51 57.76
52 69.92
53 1888.64
54 69.008
55 1872.0
56 1763.84
57 184.24
58 68.4
59 66.272
60 1818.288
61 62.4
62 63.536
63 1431.04
64 166.208
65 1655.68
66 1791.936
67 70.08
68 1572.48
69 1414.4
70 45.296
71 1389.44
72 1788.8
73 126.224
74 1788.8
75 67.792
76 1967.616
77 66.88
78 70.08
79 79.04
80 67.792
81 63.84
82 1580.8
83 152.88
84 1705.6
85 47.12
86 1326.384
87 43.776
88 1381.12
89 69.008
90 1906.128
91 1813.76
92 70.4
93 65.36
94 63.84
95 1838.72
96 174.048
97 160.72
98 1844.64
99 62.32
